MCT_2357-1725 1.3 -17.1476666667 0.002
PG_2357+174 3.95 38.885 0.002
HS_2357+2201 4.6 18.05 0.002
MCT_2357-3331 5.025 -33.2496944444 0.002
PB_5670 5.7 -0.109930555556 0.002
PG_2358+107 16.675 0.605 0.002
BPS_CS_22957-23 23.075 -5.32131944444 0.002
MCT_2359-3556 24.4 -35.6647444444 0.002
MCT_2359-2844 24.625 -28.4618888889 0.002
PG_2359+197 32.1 59.2133333333 0.002
FB_1 50.525 -23.6494416667 0.002
MCT_0000-1637 51.1 -16.3517583333 0.002
PG_0001+275 58.9 48.5966666667 0.002
MCT_0001-2443 67.75 -24.4392194444 0.002
MCT_0002-2648 77.4 -26.5301194444 0.002
MCT_0003-3509 89.175 -34.8851333333 0.002
LBQS_0003+0053 95.65 9.98166666667 0.002
MCT_0004-2737 101.575 -27.3481666667 0.002
MCT_0004-2953 104.675 -29.6069055556 0.002
PG_0004+133 113.45 35.96 0.002
PB_5749 114.475 40.0783333333 0.002
PG_0005+179 124.45 7.97833333333 0.002
MCT_0006-2320 130.525 -23.0682916667 0.002
PB_5761 130.8 7.88833333333 0.002
PG_0006+120 131.325 17.3133333333 0.002
MCT_0007-2212 146.475 -21.9373305556 0.002
FB_3 151.725 -26.2158166667 0.002
PG_0007+026 152.2 52.5516666667 0.002
JL_163 158.3 -50.2567805556 0.002
MCT_0008-1245 171.25 -12.4794166667 0.002
PG_0009+036 186.925 54.5266666667 0.002
JL_166 190.75 -45.8543027778 0.002
LBQS_0010+0231 200.975 48.2533333333 0.002
MCT_0011-3543 205.55 -35.4503916667 0.002
PG_0011+221 214.825 24.3016666667 0.002
PG_0011+283 215.55 36.9466666667 0.002
MCT_0013-2601 233.85 -25.7553222222 0.002
MCT_0013-3645 245.625 -36.4734777778 0.002
PG_0014+068 253.575 4.505 0.002
PB_5844 265.125 -1.83859166667 0.002
LBQS_0015+0216 269.275 33.5316666667 0.002
PG_0016+151 279.275 21.8516666667 0.002
HS_0016+0044 280.875 1.40666666667 0.002
MCT_0016-3212 283.3 -31.9338305556 0.002
MCT_0016-3216 291.125 -31.9980277778 0.002
PG_0016+285 292.25 44.79 0.002
MCT_0018-3653 308.375 -36.6123666667 0.002
EC_00179-6503 310.275 -64.7939916667 0.002
MCT_0018-1714 320.625 -16.9634166667 0.002
HE_0019-5545 321.925 -55.48675 0.002
MCT_0019-2441 329.675 -24.4225055556 0.002
FBS_0019+402 335.8 25.8383333333 0.002
PG_0020+240 345.875 19.145 0.002
MCT_0021-2326 359.825 -23.1649694444 0.002
PG_0022+087 17.25 23.4083333333 0.002
PG_0023+298 19.4 -33.7126083333 0.002
MCT_0023-2114 48.55 -29.7317916667 0.002
PG_0023+299 51.1 -6.53396944444 0.002
HS_0023+3049 55.925 -26.8648527778 0.002
LBQS_0024-0042 63.775 -18.0291083333 0.002
BPS_CS_30339-49 65.425 13.6216666667 0.002
PG_0024+133 80.6 22.9066666667 0.002
PB_8240 102.75 -33.3420166667 0.002
HS_0024+3331 124.175 52.8533333333 0.002
HS_0025+3423 126.7 -32.7198888889 0.002
LBQS_0025+0203 129.325 -26.8859944444 0.002
MCT_0025-3842 135.8 43.805 0.002
KPD_0025+5402 153.15 -14.1324916667 0.002
LBQS_0025-0210 154.65 -34.0070666667 0.002
PG_0026+047 165.95 47.715 0.002
LBQS_0026-0043 169.025 -26.5614583333 0.002
LB_1558 171.85 11.265 0.002
PG_0027+222 181.075 -23.650725 0.002
HS_0028+4407 182.925 -26.2243805556 0.002
MCT_0028-2729 195.475 -72.7634972222 0.002
FBS_0028+435 198.725 27.5183333333 0.002
MCT_0029-4054 204.55 -15.1839944444 0.002
JL_194 206.35 58.8183333333 0.002
PB_6025 211.675 -52.7338555556 0.002
MCT_0031-2724 213.325 -25.0718777778 0.002
MCT_0032-1444 226.3 -25.4904416667 0.002
PG_0032+247 229.35 28.3183333333 0.002
MCT_0033-1929 238.55 14.0066666667 0.002
PG_0033+266 258.475 58.975 0.002
KPD_0033+5229 263.075 -15.8499388889 0.002
KUV_00336-2223 292.25 25.5966666667 0.002
KUV_00337-2137 303.225 -55.2977555556 0.002
FBS_0033+376 305.75 50.9916666667 0.002
HS_0035+3034 318.95 -40.2073916667 0.002
KUV_00368-1923 355.8 -5.09590833333 0.002
MCT_0037-4041 7.575 48.9583333333 0.002
JL_202 40.625 20.6833333333 0.002
PG_0038+199 120.825 36.4216666667 0.002
PG_0039+049 130.175 -9.04586944444 0.002
PG_0039+103 131.35 -8.01658055556 0.002
PG_0039+134 138.45 44.545 0.002
MCT_0040-1615 153.75 45.035 0.002
HS_0039+4302 163.55 47.7833333333 0.002
KUV_00403-1941 172.875 17.2283333333 0.002
CD-38_222 174.675 -1.22886666667 0.002
HS_0040+4417 181.2 46.8516666667 0.002
PG_0042+095 186.625 55.3066666667 0.002
MCT_0042-1245 197.975 -49.7482694444 0.002
PG_0042+211 198.1 -50.0777 0.002
PB_6148 222.5 19.8983333333 0.002
MCT_0043-3840 226.75 58.3666666667 0.002
BD-12_134 227.775 0.0783333333333 0.002
PG_0044+097 235.4 29.3 0.002
PG_0045+251 238.875 43.24 0.002
PB_6168 268.075 6.02166666667 0.002
PG_0046+247 273.9 31.65 0.002
MCT_0046-2139 289.725 26.8866666667 0.002
FBS_B_4 296.15 47.4 0.002
PG_0046+207 306.1 -44.5579166667 0.002
KUV_00486-2016 306.675 19.4716666667 0.002
PG_0048+004 308.875 44.1266666667 0.002
PG_0048+091 309.975 23.7516666667 0.002
MCT_0049-3059 314.925 -34.3931083333 0.002
MCT_0049-2928 315.9 42.725 0.002
FB_10 338.4 20.975 0.002
CD-37_316 354.6 27.5833333333 0.002
PG_0050+222 359.525 -32.6090555556 0.002
GD_659 4.45 -21.7753305556 0.002
PG_0050+201 7.55 -3.23593333333 0.002
FBS_0051+418 18.225 40.9 0.002
LBQS_0052-0105 18.95 -2.67046666667 0.002
PG_0052+058 22.0 15.615 0.002
BPS_CS_22942-17 29.4 32.0083333333 0.002
PG_0053+239 55.7 28.9216666667 0.002
KPD_0054+5406 69.35 57.0733333333 0.002
PG_0055+016 70.15 3.20166666667 0.002
MCT_0056-2433 79.15 -4.79810555556 0.002
SB_395 102.15 -4.25399722222 0.002
MCT_0057-3134 118.575 25.2433333333 0.002
PG_0057+155 122.8 -5.51535277778 0.002
FBS_0058+431 130.2 -2.96744166667 0.002
TON_S_183 137.35 14.6516666667 0.002
PHL_7081 141.475 -45.7258305556 0.002
WD_0100-068 142.2 -2.54993055556 0.002
MCT_0101-2707 204.3 6.35833333333 0.002
KUV_01018-1818 221.475 12.1 0.002
PG_0101+039 227.025 53.7966666667 0.002
PG_0102+261 245.025 42.3816666667 0.002
FB_14 246.75 32.1166666667 0.002
PG_0105+276 264.525 46.4283333333 0.002
MCT_0106-3259 265.55 30.9216666667 0.002
MCT_0106-2709 266.575 13.3016666667 0.002
KPD_0106+5227 266.775 -42.5614416667 0.002
MCT_0107-1423 283.525 41.585 0.002
MCT_0107-3416 298.325 40.0666666667 0.002
PG_0108+195 324.675 38.6783333333 0.002
KUV_01089-2650 339.75 4.56833333333 0.002
PG_0108+209 356.475 -9.13766666667 0.002
KUV_01097-2355 25.7 55.2583333333 0.002
FB_15 91.325 41.3366666667 0.002
LB_3187 105.7 -38.8628055556 0.002
PG_0110+262 111.875 -17.1876388889 0.002
MCT_0111-1526 128.75 14.8033333333 0.002
PG_0111+177 139.85 36.62 0.002
JL_236 147.425 -28.3343277778 0.002
KUV_01118-2520 152.775 -19.8148888889 0.002
KUV_01127-2545 172.55 -48.8966666667 0.002
PG_0112+142 207.375 41.435 0.002
PG_0113+259 213.975 -12.7391666667 0.002
KPD_0114+5402 229.225 -7.66519166667 0.002
MCT_0115-1606 262.875 -24.1640805556 0.002
PG_0116+242 331.05 -25.5168055556 0.002
JL_241 4.725 12.0766666667 0.002
FBS_B_12 37.925 -35.2387194444 0.002
MCT_0119-4028 54.95 31.0066666667 0.002
PB_8783 72.425 19.9683333333 0.002
PG_0112+065 99.925 -20.6273305556 0.002
MCT_0123-3330 104.7 -38.4876388889 0.002
PG_0122+214 110.075 -68.5357777778 0.002
MCT_0123-2808 116.875 -22.4076666667 0.002
PG_0123+159 123.225 32.2783333333 0.002
BPS_CS_22953-35 150.7 52.7816666667 0.002
FBS_0125+386 177.825 41.485 0.002
HE_0127-4325 184.55 -40.32625 0.002
HS_0127+3146 207.425 42.0566666667 0.002
JL_251 221.0 -8.80160833333 0.002
MCT_0131-2000 228.825 -23.8526388889 0.002
WD_0131-163 271.75 -23.1458888889 0.002
PG_0132+151 307.8 18.6283333333 0.002
FBS_0132+370 351.375 -39.1984166667 0.002
PG_0133+114 81.475 2.29 0.002
HE_0135-6150 243.325 45.815 0.002
PG_0135+242 280.7 35.5883333333 0.002
PHL_1079 284.575 22.1283333333 0.002
MCT_0136-2118 1.75 47.35 0.002
MCT_0136-2758 8.9 18.98 0.002
HS_0136+0605 2.225 35.5216666667 0.002
MCT_0140-3555 8.45 13.22 0.002
MCT_0140-1230 34.85 29.78 0.002
SB_705 105.975 -3.14849166667 0.002
FBS_0140+360 107.45 38.8483333333 0.002
FB_19 151.925 24.905 0.002
MCT_0142-2214 158.7 29.68 0.002
PG_0142+183 160.525 55.7333333333 0.002
PG_0142+148 180.525 26.6916666667 0.002
JL_261 183.475 45.0433333333 0.002
Feige_14 217.45 17.0033333333 0.002
MCT_0146-3426 222.8 4.15333333333 0.002
MCT_0146-2651 257.475 29.255 0.002
PHL_1210 275.875 20.0616666667 0.002
GD_1099 284.45 53.245 0.002
EC_01510-3919 290.275 49.21 0.002
KUV_01542-0710 344.075 -0.160352777778 0.002
PG_0154+204 345.475 19.9016666667 0.002
PG_0154+182 3.6 -0.551080555556 0.002
MCT_0155-3710 8.825 24.5016666667 0.002
KUV_01558-0731 9.875 2.57333333333 0.002
BD+37_442 33.725 -3.97116666667 0.002
FBS_0156+439 33.825 10.72 0.002
PG_0200+131 37.9 22.4883333333 0.002
PG_0205+134 44.95 14.6366666667 0.002
KUV_02062-0917 54.775 53.7533333333 0.002
KUV_02063-0815 97.025 30.975 0.002
PG_0206+225 105.1 55.2916666667 0.002
PG_0207+005 124.9 52.3816666667 0.002
PG_0208+015 151.95 29.935 0.002
FBS_0208+390 157.925 -40.5462527778 0.002
PG_0209-015 162.375 57.9633333333 0.002
WD_0209+085 168.2 57.28 0.002
PG_0209+017 179.05 3.71833333333 0.002
JL_285 202.45 33.4516666667 0.002
JL_286 211.025 36.0633333333 0.002
PG_0212+230 237.275 40.695 0.002
KUV_02122+2844 241.975 3.83 0.002
PG_0212+148 289.425 33.6466666667 0.002
PG_0212+143 293.975 14.2816666667 0.002
HS_0213+2329 336.575 41.3266666667 0.002
HS_0215+0852 351.05 40.005 0.002
PG_0215+183 8.525 28.9233333333 0.002
PG_0216+032 49.85 51.0066666667 0.002
PG_0216+246 59.925 40.3133333333 0.002
HE_0218-4447 71.925 32.8566666667 0.002
PG_0217+241 76.35 33.025 0.002
PG_0217+155 85.225 12.4733333333 0.002
KUV_02177+3210 92.975 -3.35075555556 0.002
HE_0218-3437 107.0 -3.10441666667 0.002
KUV_02182+2729 133.3 53.1716666667 0.002
PG_0219+241 142.525 45.9266666667 0.002
PG_0220+132 145.175 4.20833333333 0.002
HE_0221-3250 148.875 18.77 0.002
HS_0222+2334 149.45 29.4483333333 0.002
KUV_02226+2835 155.35 30.5683333333 0.002
KUV_02226+3059 156.35 8.45333333333 0.002
KUV_02233+2815 174.2 52.6733333333 0.002
KUV_02246+2859 174.4 30.595 0.002
KUV_02256+2853 178.825 42.975 0.002
PG_0226+151 181.825 13.3433333333 0.002
KUV_02268+3351 190.525 -9.97756388889 0.002
KUV_02272+2822 192.925 20.525 0.002
KUV_02274+3615 212.175 58.0666666667 0.002
LB_1628 213.25 57.5783333333 0.002
KUV_02281+2730 218.4 12.635 0.002
FBS_0228+447 223.85 23.695 0.002
KUV_02290+3321 226.775 47.2766666667 0.002
KUV_02293+2836 232.1 41.9033333333 0.002
PG_0229+064 258.05 -0.143980555556 0.002
HE_0230-4323 258.9 -3.89870555556 0.002
KUV_02302+3502 259.8 54.6216666667 0.002
KUV_02305+3028 264.6 49.9366666667 0.002
PG_0231+051 284.0 -57.0738138889 0.002
HE_0231-3441 298.1 -10.7755305556 0.002
PHL_1359 302.525 -45.5319416667 0.002
KUV_02312+2852 302.875 -11.7993944444 0.002
KUV_02318+3213 303.6 -12.1177666667 0.002
PG_0232+095 304.775 32.45 0.002
HS_0232+3155 308.5 -45.5889694444 0.002
KUV_02335+3343 319.975 43.4766666667 0.002
HS_0233+3037 322.05 46.0366666667 0.002
KUV_02340+3734 339.95 2.43666666667 0.002
Feige_26 347.075 42.17 0.002
KUV_02374+3735 348.35 26.98 0.002
PHL_1434 356.1 -12.9293833333 0.002
PHL_1439 358.775 23.5683333333 0.002
LB_3275 1.3 35.8116666667 0.002
PG_0240+046 6.6 42.8883333333 0.002
PG_0242+132 9.525 53.3166666667 0.002
KUV_02432+3427 10.025 50.2183333333 0.002
KUV_02445+3633 4.725 4.075 0.002
PG_0245+182 10.35 45.1366666667 0.002
CPD-56_464 10.475 -11.8594555556 0.002
PB_9286 10.65 -12.0997888889 0.002
LB_9963 11.85 -7.55847222222 0.002
KUV_02487-0522 23.35 -8.71388333333 0.002
KUV_02490-0535 28.75 18.0983333333 0.002
KUV_02499-0315 35.65 27.9183333333 0.002
KUV_02501-0630 39.475 -13.4605472222 0.002
KUV_02503-0537 49.9 16.595 0.002
KUV_02505-0612 51.025 49.7216666667 0.002
KUV_02505+0002 52.5 56.3583333333 0.002
PB_6916 58.575 34.3183333333 0.002
CPD-71_172 74.275 -13.9697083333 0.002
KUV_02510-0046 85.85 47.93 0.002
PG_0250+189 101.475 32.075 0.002
KUV_02518+3230 105.475 -18.8226138889 0.002
HS_0252+1025 125.85 -17.78395 0.002
KUV_02538-0009 126.725 -21.614 0.002
KUV_02541-0303 140.75 -14.717525 0.002
KUV_02545-0024 152.45 -11.4335416667 0.002
KUV_02552-0656 152.725 -15.8702388889 0.002
KUV_02558+0236 154.7 20.4716666667 0.002
PG_0255+029 167.0 -10.5257555556 0.002
FBS_0255+379 183.325 40.5233333333 0.002
KUV_02570-0126 184.75 44.23 0.002
KUV_02571-0344 190.55 49.6283333333 0.002
HE_0258-2158 190.675 19.6516666667 0.002
KUV_02580-0326 195.6 -21.5463027778 0.002
PG_0258+184 199.5 25.1683333333 0.002
KUV_02587-0252 200.475 19.7083333333 0.002
HS_0258+3003 227.325 33.0133333333 0.002
KUV_02594+0120 229.4 43.9483333333 0.002
KUV_03011+0117 292.2 -11.5440444444 0.002
PG_0302+028 297.6 -20.8663305556 0.002
KUV_03021+0052 303.625 -8.89622777778 0.002
KUV_03028-0459 307.45 50.3666666667 0.002
KUV_03043-0427 317.675 -4.93871944444 0.002
PG_0305+152 320.425 -15.2882055556 0.002
KUV_03057-0542 339.9 -11.0441305556 0.002
HE_0306-0309 351.925 59.455 0.002
PG_0306+141 354.2 -19.8499194444 0.002
HE_0307-4554 359.675 11.7666666667 0.002
KUV_03070-0244 4.5 -3.17744166667 0.002
PG_0310+149 3.95 -31.5464055556 0.002
KPD_0311+4801 11.675 -21.2198777778 0.002
US_3783 14.675 -25.2707805556 0.002
PG_0313+005 21.225 -27.8617583333 0.002
US_3802 38.075 -25.3737666667 0.002
PG_0314+146 44.0 18.9766666667 0.002
PG_0314+103 45.6 -1.06058055556 0.002
PG_0314+180 46.0 -14.4242416667 0.002
HE_0315-4244 55.8 50.5483333333 0.002
KUV_03163+0031 58.375 0.1 0.002
US_3849 60.75 37.2183333333 0.002
PG_0319+054 65.85 -14.8812472222 0.002
KPD_0319+4553 67.925 39.7466666667 0.002
HE_0321-0918 71.25 25.5233333333 0.002
PG_0322+114 71.45 -14.2363555556 0.002
PG_0322+078 80.8 34.995 0.002
PHL_1532 85.35 -14.0732944444 0.002
PHL_1534 87.925 20.5383333333 0.002
PHL_1536 102.625 35.55 0.002
FB_29 111.6 3.20166666667 0.002
PHL_1548 125.375 36.8233333333 0.002
KUV_03295+0408 128.05 -8.72386944444 0.002
PHL_1556 130.95 1.81833333333 0.002
AAVSO_0333-64 137.05 -9.97981666667 0.002
KUV_03381-0136 137.65 -20.4148527778 0.002
HS_0338+2946 140.1 47.4366666667 0.002
HE_0340-3820 143.0 35.055 0.002
BPS_CS_22190-34 155.25 47.745 0.002
HE_0341-2449 159.925 -14.8663527778 0.002
HE_0343-4748 164.55 20.9333333333 0.002
PG_0342+026 168.15 -2.10823055556 0.002
KUV_03434+0106 174.1 -7.30884166667 0.002
KUV_03439-0048 185.775 -1.91804166667 0.002
LB_1695 187.125 -11.6675527778 0.002
KUV_03459+0037 196.125 7.77666666667 0.002
HS_0349+0700 199.325 13.2466666667 0.002
PG_0349+094 207.1 -8.00571944444 0.002
BPS_CS_22190-4 219.15 40.44 0.002
HDE_283048 223.325 39.04 0.002
HZ_3 251.5 -28.8440166667 0.002
HE_0351-3536 252.425 59.5133333333 0.002
HS_0352+1019 272.925 -6.79219444444 0.002
BPS_CS_22169-1 277.45 17.0533333333 0.002
HS_0357+0133 278.725 49.79 0.002
KUV_03591+0457 281.325 -18.4144527778 0.002
KPD_0402+4232 286.225 51.8866666667 0.002
HE_0405-3859 300.1 57.0 0.002
HE_0405-1719 314.075 36.7016666667 0.002
RWT_92 315.7 49.0166666667 0.002
KUV_04066+1129 321.6 -18.4428083333 0.002
TONS_403 334.475 26.8883333333 0.002
HE_0407-1956 340.65 37.9733333333 0.002
HE_0410-4901 13.6 28.5566666667 0.002
KUV_04110+1434 1.4 -19.0347777778 0.002
BD-13_842 6.125 -13.0142138889 0.002
LHS_24 13.675 -27.4125694444 0.002
HE_0415-2417 16.875 -18.806725 0.002
HE_0419-2538 23.525 -25.6731222222 0.002
KPD_0422+5421 28.625 -17.1317194444 0.002
KUV_04233+1502 40.55 -18.0833833333 0.002
KUV_04237+1649 49.85 9.865 0.002
KUV_04262+0749 50.45 -9.80183055556 0.002
HZ_11 55.3 31.2066666667 0.002
KUV_04284+0836 69.725 32.155 0.002
EC_04300-5341 71.35 -31.7144916667 0.002
RWT_105 78.1 -26.6136416667 0.002
HE_0429-2448 78.15 7.815 0.002
LB_1741 83.65 3.285 0.002
HS_0430+7712 89.15 -11.0911305556 0.002
KUV_04369+1640 91.5 9.73666666667 0.002
HZ_15 96.1 9.61833333333 0.002
KUV_04402+1455 108.85 53.6066666667 0.002
HE_0442-1746 109.675 41.605 0.002
KUV_04421+1416 112.125 1.5 0.002
HE_0444-4945 113.625 -28.428025 0.002
HS_0444+0458 134.375 3.01 0.002
KUV_04456+1502 139.2 11.9333333333 0.002
HS_0446+1344 140.275 -28.0701777778 0.002
HE_0447-3654 142.0 -3.03491944444 0.002
HZ_1 144.0 -3.55221944444 0.002
LB_3390 169.025 6.61666666667 0.002
KUV_04482+1727 177.225 33.76 0.002
HS_0445+7503 187.475 54.0366666667 0.002
HE_0452-3654 188.525 46.42 0.002
LB_3400 189.65 40.0333333333 0.002
HS_0447+7545 193.15 54.0466666667 0.002
KUV_04571+1620 194.4 26.9416666667 0.002
HS_0457+0907 207.25 -14.9021333333 0.002
HE_0500-3518 216.25 2.4 0.002
KUV_05008+1218 222.125 38.8333333333 0.002
KUV_05020+1216 230.925 51.0483333333 0.002
HE_0504-2041 241.575 -27.0586555556 0.002
HE_0505-3833 250.925 -21.9319305556 0.002
LB_3422 252.275 47.4383333333 0.002
HE_0505-2228 265.8 31.3033333333 0.002
KUV_05053+1628 269.075 10.7866666667 0.002
KUV_05072+1249 270.05 -20.1490416667 0.002
RWT_114 282.9 3.33166666667 0.002
HE_0510-4023 288.8 -19.1183694444 0.002
KUV_05109+1739 298.775 39.74 0.002
UVO_0512-08 301.125 -26.8110805556 0.002
HE_0513-2354 303.8 49.1833333333 0.002
HE_0516-2311 307.55 -17.9429666667 0.002
KUV_05174+2716 316.15 -21.3015277778 0.002
EC_05217-3914 317.075 50.0983333333 0.002
HE_0523-1831 318.85 -30.5220777778 0.002
KUV_05234+2655 320.525 37.36 0.002
KUV_05270+2733 322.275 4.60666666667 0.002
LB_3459 327.95 -27.3489527778 0.002
HE_0532-4503 328.55 50.7983333333 0.002
KUV_05306+2303 335.5 15.6416666667 0.002
HE_0539-4246 337.4 49.5933333333 0.002
CPD-64_481 340.175 -24.7099666667 0.002
CD-61_1208 343.575 -30.8774527778 0.002
KPD_0549+1642 344.75 -5.88470277778 0.002
KPD_0549+1948 345.925 38.66 0.002
KPD_0550+1922 357.175 17.14 0.002
HS_0546+8009 2.65 12.2866666667 0.002
KPD_0552+1903 3.125 -19.3445027778 0.002
KPD_0553+1755 8.175 -26.5880805556 0.002
HS_0600+6602 3.45 -2.83118888889 0.002
LSV+22_38 6.375 45.5183333333 0.002
RL_54 6.55 45.345 0.002
KUV_06158+2823 8.175 -21.3991555556 0.002
KUV_06209+2949 14.8 57.1966666667 0.002
KUV_06215+2721 17.475 -3.27995555556 0.002
KPD_0629-0016 23.025 -25.6669166667 0.002
KUV_06290+3235 26.425 -27.4554555556 0.002
KPD_0640+1412 33.4 -18.5266777778 0.002
CD-44_2920 40.45 40.7066666667 0.002
CD-23_4585 51.675 -28.8790916667 0.002
FBS_0654+697 56.675 46.5066666667 0.002
HS_0656+6117 60.4 17.2066666667 0.002
KUV_06591+3034 69.9 29.0866666667 0.002
JL_129 72.175 7.5 0.002
HS_0702+6043 76.125 27.295 0.002
BD+34_1543 86.025 58.6866666667 0.002
KUV_07073+3235 90.975 24.5433333333 0.002
HS_0705+6700 92.375 -62.6427777778 0.002
KUV_07088+3232 93.9 50.3333333333 0.002
KUV_07090+3350 95.775 -11.6925722222 0.002
UVO_0711+22 112.75 -31.0838416667 0.002
KUV_07116+3209 114.15 -23.8918444444 0.002
KUV_07139+3335 116.975 -20.6056583333 0.002
HS_0707+8225 127.075 -20.1665333333 0.002
KPD_0716+0258 127.575 5.62333333333 0.002
KUV_07161+3255 134.15 23.175 0.002
KPD_0720-0003 145.85 -27.9266694444 0.002
KUV_07197+3526 158.925 11.275 0.002
PG_0721-004 160.175 -15.4060166667 0.002
KUV_07255+3558 176.225 -8.08971944444 0.002
RWT_152 180.0 51.995 0.002
KUV_07301+3659 180.6 -11.3045277778 0.002
KPD_0732+0057 184.575 -31.0424083333 0.002
CD-31_4800 192.2 41.0383333333 0.002
KUV_07341+3721 192.4 32.7433333333 0.002
LSS_630 195.775 40.0033333333 0.002
HS_0740+3734 203.25 56.8216666667 0.002
HS_0741+3818 211.675 23.8333333333 0.002
EGGR_55 235.75 -15.831075 0.002
PG_0749+658 236.525 13.45 0.002
KUV_07527+4113 239.55 57.6733333333 0.002
PG_0752+770 248.275 59.095 0.002
KUV_07571+4233 252.025 -32.6293138889 0.002
SBSS_0756+581 254.575 15.3783333333 0.002
BD-3_2179 261.2 2.615 0.002
KUV_07589+4019 264.85 -12.5478166667 0.002
KUV_07592+3931 266.45 4.84666666667 0.002
KUV_07596+4123 273.225 -31.9218055556 0.002
SBSS_0759+610 273.9 -15.3203472222 0.002
TON_299 281.75 35.7166666667 0.002
SBSS_0803+510 283.075 -12.7580416667 0.002
SBSS_0804+590 289.35 57.2833333333 0.002
PG_0806+516 294.4 52.95 0.002
CD-40_3927 298.4 3.97833333333 0.002
FB_49 303.95 23.8916666667 0.002
EGB_5 304.4 -20.0884305556 0.002
PG_0806+682 311.1 59.02 0.002
KUV_08102+3843 318.9 -21.4549805556 0.002
KUV_08108+3745 332.475 15.9666666667 0.002
PG_0812+478 339.625 6.97666666667 0.002
PG_0812+482 340.875 -28.7793916667 0.002
HS_0815+4243 350.9 16.545 0.002
PG_0816+314 353.8 8.005 0.002
KUV_08191+3951 358.175 -26.8919527778 0.002
KUV_08201+3950 0.2 22.5066666667 0.002
PG_0821+306 0.45 47.7616666667 0.002
PG_0823+465 8.75 18.07 0.002
PG_0823+546 0.75 44.9866666667 0.002
PG_0824+288 8.7 -17.339625 0.002
TON_320 19.3 38.705 0.002
PG_0822+645 30.525 26.2683333333 0.002
PG_0823+499 30.95 25.6666666667 0.002
UVO_0825+15 32.3 37.2533333333 0.002
PG_0825+428 38.2 5.94166666667 0.002
SBSS_0825+568 40.75 -22.2511277778 0.002
PG_0826+480 43.1 13.8 0.002
KUV_08279+3753 45.025 -18.8045444444 0.002
SBSS_0828+490 49.3 39.5 0.002
KUV_08316+4231 49.325 10.3366666667 0.002
UVO_0832-01 53.0 27.645 0.002
PG_0833+211 62.925 -25.2527305556 0.002
PG_0832+675 67.5 50.335 0.002
PG_0833+699 67.975 19.3066666667 0.002
KUV_08371+4137 68.05 -17.4947055556 0.002
PG_0836+619 69.7 43.4683333333 0.002
PG_0837+401 83.25 -27.0260666667 0.002
PG_0838+164 85.65 15.865 0.002
KUV_08381+4013 86.325 44.325 0.002
PG_0838+132 90.0 24.6133333333 0.002
KUV_08388+4029 91.35 47.765 0.002
SBSS_0838+563 98.675 -11.2836583333 0.002
PG_0839+336 116.975 54.4083333333 0.002
PG_0839+399 128.075 40.4266666667 0.002
PG_0841+312 139.05 28.5466666667 0.002
KUV_08416+4120 150.55 -25.7582055556 0.002
PG_0842+231 154.05 24.7816666667 0.002
PG_0843+246 154.25 12.2133333333 0.002
KUV_08432+4216 155.175 18.91 0.002
CD-34_5246 155.875 50.0866666667 0.002
KUV_08437+4003 156.5 -1.50445555556 0.002
PG_0844+232 163.95 32.93 0.002
KUV_08448+3343 164.025 -16.9364666667 0.002
PG_0845+129 165.425 14.2033333333 0.002
KUV_08455+3902 168.225 -26.4732805556 0.002
KUV_08457+3901 187.05 -10.5499083333 0.002
KUV_08461+3235 187.375 1.215 0.002
KUV_08462+3217 189.225 -9.36506666667 0.002
KUV_08460+4030 198.1 46.1833333333 0.002
KUV_08465+3439 199.45 23.6833333333 0.002
KUV_08472+3927 214.15 -26.5509888889 0.002
PG_0848+416 214.875 -6.31084444444 0.002
KUV_08482+3304 215.125 24.205 0.002
KUV_08483+3211 215.25 1.13 0.002
US_1796 215.925 41.0966666667 0.002
PG_0848+249 222.95 -24.7411416667 0.002
FBS_0848+437 225.85 49.4516666667 0.002
PG_0848+186 226.35 27.5666666667 0.002
KUV_08488+3731 237.275 12.24 0.002
KUV_08491+3726 237.3 36.66 0.002
KUV_08493+4125 254.5 -17.8435777778 0.002
KUV_08494+4152 255.725 57.4483333333 0.002
KUV_08497+3232 257.325 -20.2262416667 0.002
KUV_08497+3856 260.975 -17.9824527778 0.002
PG_0849+319 264.125 -4.57388055556 0.002
PG_0850+170 265.625 42.845 0.002
PG_0850+192 266.85 -14.9068916667 0.002
FBS_0850+394 275.225 -3.38169166667 0.002
KUV_08526+3750 280.575 49.13 0.002
PG_0853+019 290.625 46.88 0.002
SBSS_0853+506 294.8 47.4066666667 0.002
PG_0854+385 300.2 -26.4815444444 0.002
US_2039 301.85 29.3183333333 0.002
PG_0856+121 310.575 -17.2532333333 0.002
SBSS_0856+508 316.2 36.4833333333 0.002
PG_0900+400 324.575 53.3283333333 0.002
KUV_09008+3752 330.55 -12.32525 0.002
PG_0901+309 334.7 0.728333333333 0.002
PG_0902+057 340.075 -9.28894166667 0.002
PG_0902+124 340.5 35.6433333333 0.002
PG_0903-032 345.075 57.4366666667 0.002
UVO_0904-02 345.5 -16.5377166667 0.002
PG_0906+191 352.675 48.5366666667 0.002
SBSS_0905+549 353.9 14.325 0.002
SBSS_0906+532 2.2 -12.3393055556 0.002
PG_0904+735 4.85 -19.6526555556 0.002
PG_0905+627 12.15 -19.0836916667 0.002
PG_0906+597 14.675 -20.3244166667 0.002
PG_0907+123 14.9 19.7233333333 0.002
PG_0908+281 3.975 -15.1703083333 0.002
CBS_95 5.35 -19.0299833333 0.002
PG_0909+169 6.15 5.75833333333 0.002
PG_0909+164 17.25 21.6 0.002
EC_09102-0946 21.65 -19.2057194444 0.002
PG_0909+275 31.6 -4.99373055556 0.002
PG_0911+042 33.075 -2.76691666667 0.002
PG_0910+621 41.55 -20.9945916667 0.002
SBSS_0910+584 42.45 6.83333333333 0.002
PG_0911+456 43.3 -41.9879638889 0.002
PG_0912+189 56.7 21.4283333333 0.002
PG_0912+119 69.175 48.205 0.002
PG_0914+001 72.4 54.665 0.002
PG_0914-037 78.4 8.63166666667 0.002
PG_0914+201 80.675 -10.5237888889 0.002
PG_0914+120 81.525 31.1616666667 0.002
LSS_1274 94.075 16.6683333333 0.002
EC_09174-1033 95.5 -21.517025 0.002
CD-45_5058 113.475 -14.6561916667 0.002
EC_09177-1135 118.125 -20.4837416667 0.002
EC_09178-1154 125.25 13.25 0.002
PG_0917+037 127.275 40.8166666667 0.002
CD-45_5068 129.25 3.245 0.002
FBS_0913+819 131.375 -19.2293416667 0.002
PG_0918+029 133.175 -14.9050333333 0.002
PG_0919+272 139.775 -5.34821666667 0.002
PG_0920+029 140.05 -20.6849527778 0.002
PG_0920+297 150.125 8.07666666667 0.002
EC_09213-1242 157.675 -1.72942222222 0.002
FBS_0920+366 158.35 30.05 0.002
PG_0921+208 166.775 32.26 0.002
BD+37_1977 167.625 -10.2407222222 0.002
PG_0921+161 183.65 -17.6120555556 0.002
PG_0921+311 186.0 -8.46119166667 0.002
TON_415 186.575 10.0816666667 0.002
EC_09227-0921 194.7 32.345 0.002
PG_0922+259 197.55 -16.1392638889 0.002
PG_0923+329 200.325 22.8933333333 0.002
KUV_09236+3901 212.35 11.0283333333 0.002
PG_0924+565 213.225 -4.99244444444 0.002
PG_0926+065 214.25 -11.2367138889 0.002
TON_425 218.15 10.675 0.002
PG_0926+526 222.525 -3.71378333333 0.002
PG_0927+311 234.6 53.635 0.002
FB_56 236.725 -14.9999416667 0.002
PG_0928+031 237.575 18.6383333333 0.002
EC_09290-1704 244.275 59.0866666667 0.002
EC_09290-1222 244.8 -4.73256944444 0.002
HE_0929-0424 250.075 57.2466666667 0.002
PG_0930+085 258.575 10.4716666667 0.002
EC_09304-1407 263.35 59.1416666667 0.002
US_719 265.875 44.7616666667 0.002
KUV_09310+4055 272.125 10.7283333333 0.002
EC_09319-1339 279.7 19.8066666667 0.002
EC_09322-1159 288.325 17.355 0.002
PG_0932+314 307.825 52.1333333333 0.002
PG_0932+231 311.5 48.445 0.002
PG_0932+166 314.825 -9.98219444444 0.002
PG_0931+691 328.3 -7.32321944444 0.002
PG_0933+004 340.65 23.4616666667 0.002
KUV_09331+4250 347.075 -14.4912027778 0.002
PG_0934+163 353.225 32.6316666667 0.002
PG_0933+383 0.75 34.37 0.002
PG_0934+186 1.525 28.7983333333 0.002
PG_0935+084 9.55 -1.47526944444 0.002
PG_0935-038 14.0 -10.5472777778 0.002
PG_0934+553 17.475 32.2633333333 0.002
FBS_0935+396 18.1 11.8416666667 0.002
PG_0936+037 18.45 5.775 0.002
EC_09376-1125 18.5 -0.861544444444 0.002
SBSS_0937+510 22.825 40.4516666667 0.002
FBS_0938+375 32.275 25.1816666667 0.002
FBS_0946+362 46.025 59.9066666667 0.002
PG_0940+068 61.4 24.8 0.002
EC_09408-1104 63.775 45.0133333333 0.002
PG_0940+171 67.2 50.8233333333 0.002
PG_0941+280 69.35 10.155 0.002
HS_0941+4649 83.6 18.8283333333 0.002
PG_0942-029 97.125 32.9683333333 0.002
PG_0942+461 114.55 12.2633333333 0.002
EC_09436-0929 119.825 37.7816666667 0.002
PG_0943+043 120.925 4.485 0.002
LSS_1349 124.6 12.0533333333 0.002
EC_09445-0905 143.1 37.8333333333 0.002
PG_0944+275 148.725 14.965 0.002
KUV_09460+3356 150.675 7.97 0.002
KUV_09466+3753 153.05 2.795 0.002
PG_0946+305 153.125 21.1866666667 0.002
SBSS_0947+549 154.875 57.2633333333 0.002
US_1027 155.85 13.28 0.002
PG_0948+187 158.825 10.6766666667 0.002
PG_0948+041 159.425 -3.01061388889 0.002
KUV_09481+3830 170.35 46.1116666667 0.002
PG_0948+533 177.325 23.8683333333 0.002
SBSS_0948+513 179.375 11.8916666667 0.002
PG_0947+639 180.15 49.7366666667 0.002
PG_0949-101 181.575 27.9533333333 0.002
PG_0948+632 185.3 9.75166666667 0.002
PN_G273.6+06.1 187.95 14.855 0.002
PG_0950+158 190.85 27.0516666667 0.002
PG_0950+120 191.275 12.695 0.002
SBSS_0950+579 191.75 48.6833333333 0.002
EC_09523-1627 195.9 29.8233333333 0.002
PG_0952+518 197.275 46.2716666667 0.002
PG_0953+024 198.65 54.665 0.002
PG_0954+049 199.925 20.26 0.002
PG_0954+247 201.9 53.9166666667 0.002
KUV_09554+4128 207.75 32.565 0.002
PG_0956-117 214.35 59.85 0.002
SBSS_0956+492 221.775 27.5966666667 0.002
KUV_09565+3632 225.7 34.21 0.002
PG_0957+037 228.05 2.66333333333 0.002
PG_0956+359 233.2 4.33666666667 0.002
SBSS_0957+513 238.8 41.1 0.002
KUV_09577+3700 242.575 34.6083333333 0.002
PG_0958-116 247.625 26.9316666667 0.002
PG_0958-119 265.05 12.8733333333 0.002
PG_0958-073 275.775 16.2333333333 0.002
PG_0959-085 290.825 50.0433333333 0.002
CBS_17 291.7 5.99 0.002
PG_0959+297 293.925 -1.11149722222 0.002
EC_10002-1313 296.3 31.9483333333 0.002
PG_1000+375 305.2 47.665 0.002
HS_1000+4704 309.675 6.14666666667 0.002
CBS_123 315.775 54.295 0.002
PG_1000+408 317.25 29.33 0.002
EC_10025-1343 324.275 8.345 0.002
CBS_19 339.575 22.72 0.002
PG_1004+008 344.175 30.8533333333 0.002
EC_10046-1834 346.825 35.0283333333 0.002
EC_10059-1732 352.45 45.6983333333 0.002
EC_10060-2122 356.05 -12.2088027778 0.002
PG_1006-145 356.225 29.2233333333 0.002
EC_10077-1111 5.925 16.0433333333 0.002
EC_10077-1537 7.975 59.2333333333 0.002
CBS_20 3.55 12.6216666667 0.002
EC_10086-1016 10.175 37.8066666667 0.002
PG_1009+069 22.7 2.89333333333 0.002
LBQS_1009+0059 31.55 16.135 0.002
PG_1009+491 32.95 30.3866666667 0.002
PG_1008+756 33.5 42.9233333333 0.002
EC_10106-2117 39.425 35.3883333333 0.002
KUV_10104+3640 40.4 25.3133333333 0.002
SBSS_1009+585 50.425 48.8066666667 0.002
PG_1012+007 69.125 47.9866666667 0.002
PG_1011+649 78.825 28.31 0.002
PG_1017-113 82.925 21.0016666667 0.002
EC_10174-2036 92.65 31.725 0.002
PG_1017-086 93.1 42.54 0.002
PG_1017+430 95.8 21.8783333333 0.002
PG_1018-047 96.75 2.925 0.002
EC_10189-1502 100.9 43.95 0.002
EC_10201-1047 101.55 5.87 0.002
PG_1020+142 106.825 23.7683333333 0.002
EC_10212-1935 108.575 40.4216666667 0.002
PG_1020+694 123.025 39.0266666667 0.002
PG_1021-029 125.675 1.61666666667 0.002
EC_10228-0905 130.175 17.7666666667 0.002
PG_1022+459 138.975 10.18 0.002
LBQS_1023+0044 143.15 22.2566666667 0.002
CD-24_9052 149.8 54.835 0.002
EC_10246-2707 170.125 35.545 0.002
PG_1024+238 184.675 58.5983333333 0.002
PG_1025+244 189.325 25.1366666667 0.002
PG_1026-037 193.1 45.24 0.002
PG_1026+259 195.8 10.7133333333 0.002
EC_10276-2332 197.175 19.5966666667 0.002
SBSS_1027+500 197.625 50.1016666667 0.002
PG_1027-077 217.025 47.4416666667 0.002
EC_10282-1605 234.625 47.38 0.002
EC_10297-1051 244.325 34.775 0.002
SBSS_1029+526 245.175 36.58 0.002
PG_1029-048 255.8 16.625 0.002
PG_1030-104 259.05 36.3983333333 0.002
EC_10303-2127 269.625 39.3633333333 0.002
EC_10307-2517 270.95 34.2266666667 0.002
EC_10311-1345 274.975 39.2633333333 0.002
PG_1030+665 288.1 44.5733333333 0.002
PG_1032+007 289.475 22.3533333333 0.002
PG_1032+406 296.35 52.17 0.002
PG_1033+097 314.3 -36.4977777778 0.002
EC_10337-2353 354.625 14.7366666667 0.002
PG_1033+201 2.975 38.7916666667 0.002
EC_10344-2024 3.0 35.4483333333 0.002
SBSS_1034+496 8.7 -33.6847194444 0.002
EC_10355-1903 8.875 34.2916666667 0.002
CBS_129 2.5 35.94 0.002
PG_1036+434 4.7 28.9383333333 0.002
PG_1037+143 28.05 46.8 0.002
EC_10382-2326 43.625 22.6266666667 0.002
EC_10384-1301 58.875 -1.00644166667 0.002
EC_10385-2215 85.525 59.13 0.002
PG_1038+510 114.725 25.2166666667 0.002
PG_1038+139 147.9 -23.6142555556 0.002
PG_1039+219 181.95 48.7216666667 0.002
PG_1039-118 187.225 54.385 0.002
EC_10405-1347 187.85 4.76833333333 0.002
SBSS_1040+493 198.925 -64.9210472222 0.002
PG_1040+451 210.6 30.775 0.002
PG_1040+234 252.85 44.2133333333 0.002
EC_10416-1709 286.05 2.11666666667 0.002
EC_10430-2243 13.1 47.39 0.002
PG_1043+206 1.5 23.935 0.002
EC_10439-2731 32.925 -51.5026444444 0.002
PG_1043+760 34.375 -63.2023055556 0.002
PG_1045+100 57.825 12.1016666667 0.002
EC_10453-0934 84.0 45.8916666667 0.002
EC_10455-1646 124.425 49.3283333333 0.002
PG_1046+189 125.2 -72.5095916667 0.002
PG_1047+003 131.0 39.11 0.002
PG_1047-046 133.625 9.55166666667 0.002
PG_1047-066 155.825 -59.8744972222 0.002
EC_10481-2040 159.6 -60.1473305556 0.002
EC_10492-2401 167.2 -59.8727194444 0.002
PG_1049+013 168.5 -48.8255916667 0.002
PG_1050-065 172.45 -60.0484972222 0.002
HS_1051+2933 175.5 -59.9430555556 0.002
PG_1051+501 230.7 -50.3215888889 0.002
PN_DS_1 251.325 14.915 0.002
EC_10526-2632 336.55 -55.8679222222 0.002
PG_1052-081 354.25 -57.8803222222 0.002
SBSS_1053+561 356.55 -47.7876944444 0.002
EC_10542-2236 28.05 -71.9569916667 0.002
EC_10566-2113 40.175 41.8866666667 0.002
PG_1056+324 74.4 20.67 0.002
EC_10578-3116 86.9 -39.3044083333 0.002
EC_10583-2057 134.425 36.0983333333 0.002
EC_10585-2500 185.225 -45.84425 0.002
EC_10590-2735 226.2 -40.0956194444 0.002
EC_11001-2506 290.425 -15.6744916667 0.002
PG_1100+526 308.175 -16.6337027778 0.002
PG_1100-008 316.825 8.14666666667 0.002
PG_1100-141 329.65 -14.6994416667 0.002
PG_1100+591 339.075 -24.7935916667 0.002
PG_1101+113 342.25 -43.5030805556 0.002
PG_1101+529 355.45 -26.2849916667 0.002
EC_11019-1436 34.825 32.265 0.002
PG_1101+249 41.925 2.475 0.002
PG_1102+097 46.325 22.5783333333 0.002
EC_11022-1357 62.7 -11.3634694444 0.002
PG_1102+499 76.775 54.7833333333 0.002
EC_11031-1348 93.925 19.245 0.002
CBS_135 112.925 -40.0966472222 0.002
PG_1104+299 113.85 -38.1116694444 0.002
PG_1104+243 163.675 -40.5853305556 0.002
PG_1105+298 175.9 -38.2521055556 0.002
PG_1106-085 176.925 13.86 0.002
PG_1106+083 199.6 17.65 0.002
PG_1106-097 200.25 57.1633333333 0.002
EC_11067-2008 205.575 33.17 0.002
PG_1106+271 240.65 -37.2381555556 0.002
PG_1106+608 258.1 -41.3699388889 0.002
CBS_36 270.825 40.9083333333 0.002
EC_11081-1435 271.65 -18.6181416667 0.002
SBSS_1108+506 290.35 57.835 0.002
PG_1108-018 292.375 -40.5186083333 0.002
PG_1109-070 310.5 53.89 0.002
PG_1109-016 315.575 50.8416666667 0.002
PG_1109-114 324.85 -40.2267416667 0.002
PG_1110+294 337.925 21.9366666667 0.002
PG_1110+045 351.525 33.8483333333 0.002
PG_1111-077 359.025 -19.0149055556 0.002
FBS_1111+339 13.725 59.06 0.002
PG_1112+339 9.0 33.505 0.002
EC_11143-2834 9.1 -2.74077777778 0.002
PG_1114+072 11.575 52.1116666667 0.002
PG_1115-065 15.6 30.8266666667 0.002
PG_1115+275 29.65 24.475 0.002
PG_1115+201 37.125 -41.2418305556 0.002
EC_11162-1808 60.95 46.6416666667 0.002
PG_1116+301 61.675 -20.9859166667 0.002
PG_1117+312 63.025 25.135 0.002
PG_1118+099 64.025 16.3583333333 0.002
PG_1118+061 64.575 12.6116666667 0.002
EC_11189-1810 93.525 40.675 0.002
PG_1119+377 98.575 49.3433333333 0.002
PG_1119+619 107.775 57.9466666667 0.002
PG_1122+517 109.125 42.33 0.002
PG_1124+123 120.175 33.7383333333 0.002
PG_1125-055 125.375 2.66333333333 0.002
PG_1125+175 126.25 -43.2003916667 0.002
PG_1125+295 130.325 -19.6276083333 0.002
EC_11262-1841 136.45 -3.77158055556 0.002
PG_1127-088 141.5 30.3116666667 0.002
SBSS_1127+512 159.225 32.8616666667 0.002
EC_11275-2504 161.375 41.59 0.002
PG_1127+019 161.6 50.2466666667 0.002
PG_1127+746 181.0 55.2616666667 0.002
PG_1128+199 219.475 57.2916666667 0.002
CBS_141 230.95 31.5433333333 0.002
EC_11296-2431 244.425 -41.7228305556 0.002
PG_1129-081 244.5 51.37 0.002
EC_11298-2543 246.8 -11.5099833333 0.002
PG_1130-063 247.1 -0.353641666667 0.002
HD_100340 250.3 -12.8062 0.002
PG_1130+054 253.975 -64.5304333333 0.002
PB_2920 256.15 37.895 0.002
PG_1130+564 260.15 52.9683333333 0.002
GD_138 262.1 16.73 0.002
LBQS_1131+0209 267.05 20.9433333333 0.002
PG_1131+614 268.85 -8.35127777778 0.002
EC_11324-2820 277.65 48.1616666667 0.002
EC_11329-1554 299.6 -8.63878055556 0.002
PG_1133+103 307.025 7.385 0.002
EC_11335-1638 319.025 5.26166666667 0.002
SBSS_1133+489 320.625 24.9866666667 0.002
CBS_143 321.2 16.3183333333 0.002
UM_440 329.8 37.4316666667 0.002
PG_1134+144 332.175 -42.39495 0.002
EC_11349-2753 339.675 51.4266666667 0.002
PG_1134+463 340.275 -43.8524166667 0.002
PG_1135+585 344.775 41.3633333333 0.002
PG_1135-116 14.1 -37.3917194444 0.002
EC_11359-2850 14.3 -31.6219305556 0.002
PG_1136-003 13.95 -65.7598138889 0.002
EC_11362-2049 14.425 48.68 0.002
EC_11366-2504 24.475 40.9566666667 0.002
LBQS_1137-0023 26.45 38.635 0.002
PG_1137+470 29.0 -48.0628055556 0.002
EC_11383-2238 30.075 5.36666666667 0.002
PG_1138-101 39.075 -71.2168055556 0.002
PG_1138+425 46.175 41.6033333333 0.002
EC_11394-3013 50.25 4.70166666667 0.002
EC_11396-1746 55.45 17.9266666667 0.002
EC_11403-2117 60.325 -35.7881944444 0.002
PG_1140-050 61.875 -8.94078055556 0.002
EC_11405-2743 63.0 55.6166666667 0.002
PG_1140-078 64.3 12.0483333333 0.002
LBQS_1140+0026 75.625 2.755 0.002
EC_11412-2216 79.6 31.55 0.002
PG_1141-116 84.75 45.605 0.002
PG_1141+000 95.6 9.10333333333 0.002
EC_11423-2311 99.525 35.1683333333 0.002
EC_11423-2852 108.65 32.3266666667 0.002
PG_1142-037 133.875 54.4516666667 0.002
EC_11429-2755 142.5 34.0833333333 0.002
EC_11429-2701 152.775 -32.7010694444 0.002
EC_11433-1840 156.025 -3.40063888889 0.002
EC_11439-3012 170.95 58.7583333333 0.002
PG_1144+005 187.975 43.6716666667 0.002
EC_11446-3204 211.65 33.7966666667 0.002
PG_1144+615 230.325 5.01666666667 0.002
LBQS_1144-0007 243.1 -1.84291666667 0.002
Feige_49 247.15 7.32166666667 0.002
PG_1145-135 261.725 52.0766666667 0.002
PG_1147-085 263.875 -9.03878055556 0.002
LBQS_1147-0038 266.7 -6.47528055556 0.002
FBS_1147+363 274.75 11.815 0.002
PG_1149+394 291.125 -8.87704444444 0.002
PG_1150-105 294.15 -22.3177416667 0.002
EC_11510-2806 298.825 52.5966666667 0.002
PG_1151+359 299.6 -5.16549722222 0.002
PG_1152-119 313.825 -5.85613055556 0.002
PG_1153-119 316.45 10.6533333333 0.002
EC_11531-2317 319.725 31.625 0.002
BD+10_2357 323.2 6.375 0.002
PG_1153+344 326.85 16.855 0.002
EC_11534-2912 339.85 56.6683333333 0.002
PG_1153-080 348.45 56.7316666667 0.002
EC_11537-2335 357.725 31.1333333333 0.002
PG_1154-031 359.6 40.4483333333 0.002
EC_11545-1459 1.0 32.5216666667 0.002
PG_1154-070 6.85 38.86 0.002
PG_1155+741 8.175 50.9216666667 0.002
